$ 1 0.000005 0.08464817248906141 71 5 50 5e-11
w 288 240 288 256 0
w 320 240 320 416 0
w 352 240 352 592 0
w 384 240 384 752 0
w 464 240 464 288 0
w 496 240 496 448 0
w 528 240 528 624 0
w 560 240 560 784 0
. 1\sbit\sAdder 0 2 3 5 A 2 0 2 B 1 1 2 Cin 3 2 2 Cout 8 0 3 S 4 1 3 XorGateElm\s1\s2\s3\s4\rAndGateElm\s1\s2\s5\rAndGateElm\s2\s3\s6\rAndGateElm\s1\s3\s7\rOrGateElm\s7\s6\s5\s8 0\\s3\\s0\\s5\s0\\s2\\s0\\s5\s0\\s2\\s0\\s5\s0\\s2\\s0\\s5\s0\\s3\\s0\\s5
410 688 752 736 832 1 1\sbit\sAdder 0\s3\s0\s5 0\s2\s0\s5 0\s2\s0\s5 0\s2\s0\s5 0\s3\s0\s5
410 688 592 736 672 1 1\sbit\sAdder 0\s3\s0\s5 0\s2\s0\s5 0\s2\s0\s5 0\s2\s0\s5 0\s3\s0\s5
410 688 416 736 496 1 1\sbit\sAdder 0\s3\s0\s5 0\s2\s0\s5 0\s2\s0\s5 0\s2\s0\s5 0\s3\s0\s5
410 688 256 736 336 1 1\sbit\sAdder 0\s3\s0\s5 0\s2\s0\s5 0\s2\s0\s5 0\s2\s0\s5 0\s3\s0\s5
w 288 256 288 976 0
w 288 256 688 256 0
w 464 288 464 976 0
w 464 288 688 288 0
w 320 416 320 976 0
w 320 416 688 416 0
w 496 448 496 976 0
w 496 448 688 448 0
w 352 592 352 976 0
w 352 592 688 592 0
w 528 624 528 976 0
w 528 624 688 624 0
w 384 752 384 976 0
w 384 752 688 752 0
w 560 784 560 976 0
w 560 784 688 784 0
w 784 752 816 752 0
w 816 752 816 704 0
w 816 704 688 704 0
w 688 704 688 656 0
w 784 592 816 592 0
w 816 592 816 544 0
w 816 544 688 544 0
w 688 544 688 480 0
w 784 416 816 416 0
w 816 416 816 368 0
w 816 368 688 368 0
w 688 368 688 320 0
w 784 784 944 784 0
w 784 624 928 624 0
w 928 624 944 624 0
w 784 448 944 448 0
w 784 288 944 288 0
w 784 256 944 256 0
207 944 256 1008 256 4 Cout
207 944 288 1008 288 4 A
207 944 448 1024 448 4 B
207 944 624 1024 624 4 C
207 944 784 1024 784 4 D
207 688 816 624 816 4 Cin
207 288 240 288 192 4 A0
207 320 240 320 192 4 B0
207 352 240 352 192 4 C0
207 384 240 384 192 4 D0
207 464 240 464 192 4 A1
207 496 240 496 192 4 B1
207 528 240 528 192 4 C1
207 560 240 560 192 4 D1
. 4\sbit\sAdder 0 4 10 14 A 26 0 3 A0 1 0 2 A1 5 4 2 B 21 1 3 B0 2 1 2 B1 6 5 2 C 16 2 3 C0 3 2 2 C1 7 6 2 Cin 9 9 2 Cout 25 8 3 D 11 3 3 D0 4 3 2 D1 8 7 2 CustomCompositeElm\s4\s8\s9\s10\s11\rCustomCompositeElm\s3\s7\s10\s15\s16\rCustomCompositeElm\s2\s6\s15\s20\s21\rCustomCompositeElm\s1\s5\s20\s25\s26 1\\s1\\\\sbit\\\\sAdder\\s0\\\\s3\\\\s0\\\\s5\\s0\\\\s2\\\\s0\\\\s5\\s0\\\\s2\\\\s0\\\\s5\\s0\\\\s2\\\\s0\\\\s5\\s0\\\\s3\\\\s0\\\\s5\s1\\s1\\\\sbit\\\\sAdder\\s0\\\\s3\\\\s0\\\\s5\\s0\\\\s2\\\\s0\\\\s5\\s0\\\\s2\\\\s0\\\\s5\\s0\\\\s2\\\\s0\\\\s5\\s0\\\\s3\\\\s0\\\\s5\s1\\s1\\\\sbit\\\\sAdder\\s0\\\\s3\\\\s0\\\\s5\\s0\\\\s2\\\\s0\\\\s5\\s0\\\\s2\\\\s0\\\\s5\\s0\\\\s2\\\\s0\\\\s5\\s0\\\\s3\\\\s0\\\\s5\s1\\s1\\\\sbit\\\\sAdder\\s0\\\\s3\\\\s0\\\\s5\\s0\\\\s2\\\\s0\\\\s5\\s0\\\\s2\\\\s0\\\\s5\\s0\\\\s2\\\\s0\\\\s5\\s0\\\\s3\\\\s0\\\\s5
410 32 544 144 720 1 4\sbit\sAdder 1\s1\\sbit\\sAdder\s0\\s3\\s0\\s5\s0\\s2\\s0\\s5\s0\\s2\\s0\\s5\s0\\s2\\s0\\s5\s0\\s3\\s0\\s5 1\s1\\sbit\\sAdder\s0\\s3\\s0\\s5\s0\\s2\\s0\\s5\s0\\s2\\s0\\s5\s0\\s2\\s0\\s5\s0\\s3\\s0\\s5 1\s1\\sbit\\sAdder\s0\\s3\\s0\\s5\s0\\s2\\s0\\s5\s0\\s2\\s0\\s5\s0\\s2\\s0\\s5\s0\\s3\\s0\\s5 1\s1\\sbit\\sAdder\s0\\s3\\s0\\s5\s0\\s2\\s0\\s5\s0\\s2\\s0\\s5\s0\\s2\\s0\\s5\s0\\s3\\s0\\s5
