$ 1 0.000005 0.04723665527410147 50 5 50 5e-11
w 1696 1504 2152 1504 0
w 2152 1504 2152 1536 0
x 2145 1932 2209 1935 4 16 BIT\sLINE
w 2272 1736 2296 1736 0
c 2296 1736 2296 1768 0 1.0000000000000001e-7 0.029444260389946502 0.001
w 2240 1736 2216 1736 0
g 2296 1768 2296 1776 0 0
f 2256 1792 2256 1736 4 1.5 0.02
w 2256 1792 2048 1792 0
w 2216 1640 2216 1736 0
w 2360 1888 2352 1952 0
180 2360 1888 2248 1888 0 0.1 10000000000
w 2216 1888 2216 1960 0
w 2248 1888 2216 1888 0
w 2328 1816 2360 1816 0
w 2216 1808 2216 1888 0
w 2360 1816 2360 1888 0
R 2280 1824 2248 1824 0 0 40 2.5 0 0 0.5
a 2280 1816 2328 1816 11 5 0 1000000 2.5 0.028866921950927604 100000
w 2216 1808 2280 1808 0
w 2216 1736 2216 1808 0
w 2288 1872 2288 1856 0
w 2288 1872 2304 1872 0
w 2216 1584 2216 1640 0
w 2152 1536 2200 1536 0
180 2216 1488 2216 1584 0 0.1 10000000000
x 2130 1661 2208 1664 4 16 DATA\sOUT
w 2216 1488 2208 1456 0
w 1760 1488 1760 1456 0
x 1674 1661 1752 1664 4 16 DATA\sOUT
180 1760 1488 1760 1584 0 0.1 10000000000
w 1696 1536 1744 1536 0
w 1760 1584 1760 1640 0
w 1832 1872 1848 1872 0
w 1832 1856 2288 1856 0
w 1832 1872 1832 1856 0
w 2048 1792 1800 1792 0
w 1760 1736 1760 1808 0
w 1760 1808 1824 1808 0
a 1824 1816 1872 1816 11 5 0 1000000 2.5 0.08931050686347072 100000
R 1824 1824 1792 1824 0 0 40 2.5 0 0 0.5
w 1904 1816 1904 1888 0
w 1760 1808 1760 1888 0
w 1872 1816 1904 1816 0
w 1792 1888 1760 1888 0
w 1760 1888 1760 1960 0
180 1904 1888 1792 1888 0 0.1 10000000000
w 1904 1888 1904 1952 0
w 1760 1640 1760 1736 0
w 1800 1792 1592 1792 0
f 1800 1792 1800 1736 4 1.5 0.02
g 1840 1768 1840 1776 0 0
w 1784 1736 1760 1736 0
c 1840 1736 1840 1768 0 1.0000000000000001e-7 0.09109671700073983 0.001
w 1816 1736 1840 1736 0
x 1689 1932 1753 1935 4 16 BIT\sLINE
w 1696 1504 1696 1536 0
w 1240 1504 1240 1536 0
x 1233 1932 1297 1935 4 16 BIT\sLINE
w 1360 1736 1384 1736 0
c 1384 1736 1384 1768 0 1.0000000000000001e-7 3.471084859131957 0.001
w 1328 1736 1304 1736 0
g 1384 1768 1384 1776 0 0
f 1344 1792 1344 1736 4 1.5 0.02
w 1344 1792 1136 1792 0
w 1304 1640 1304 1736 0
w 1448 1888 1440 1936 0
180 1448 1888 1336 1888 0 0.1 10000000000
w 1304 1888 1304 1960 0
w 1336 1888 1304 1888 0
w 1416 1816 1448 1816 0
w 1304 1808 1304 1888 0
w 1448 1816 1448 1888 0
R 1368 1824 1336 1824 0 0 40 2.5 0 0 0.5
a 1368 1816 1416 1816 11 5 0 1000000 2.5 3.4520439795304725 100000
w 1304 1808 1368 1808 0
w 1304 1736 1304 1808 0
w 1592 1792 1344 1792 0
w 1376 1872 1376 1856 0
w 1376 1856 1832 1856 0
w 1376 1872 1392 1872 0
w 1304 1584 1304 1640 0
w 1240 1536 1288 1536 0
180 1304 1488 1304 1584 0 0.1 10000000000
w 1240 1504 1696 1504 0
x 1218 1661 1296 1664 4 16 DATA\sOUT
w 1304 1488 1296 1456 0
w 848 1488 848 1456 0
x 762 1661 840 1664 4 16 DATA\sOUT
w 784 1504 1240 1504 0
w 784 1536 784 1504 0
180 848 1488 848 1584 0 0.1 10000000000
w 784 1536 832 1536 0
w 848 1584 848 1640 0
w 920 1872 936 1872 0
w 920 1856 1376 1856 0
w 920 1872 920 1856 0
w 1136 1792 888 1792 0
w 848 1736 848 1808 0
w 848 1808 912 1808 0
a 912 1816 960 1816 11 5 0 1000000 2.5 3.4648003983850373 100000
R 912 1824 880 1824 0 0 40 2.5 0 0 0.5
w 992 1816 992 1888 0
w 848 1808 848 1888 0
w 960 1816 992 1816 0
w 880 1888 848 1888 0
w 920 1872 792 1872 0
w 848 1888 848 1960 0
180 992 1888 880 1888 0 0.1 10000000000
w 992 1888 992 1952 0
w 848 1640 848 1736 0
w 888 1792 800 1792 0
f 888 1792 888 1736 4 1.5 0.02
g 928 1768 928 1776 0 0
w 872 1736 848 1736 0
c 928 1736 928 1768 0 1.0000000000000001e-7 3.4840964063647726 0.001
w 904 1736 928 1736 0
x 777 1932 841 1935 4 16 BIT\sLINE
w 792 1872 704 1872 0
207 848 1392 848 1344 4 A0
207 1296 1392 1296 1328 4 B0
207 1760 1392 1760 1312 4 C0
207 2208 1392 2208 1328 4 D0
207 992 2064 992 2192 4 A
207 1456 2064 1456 2176 4 B
207 1904 2064 1904 2160 4 C
207 2352 2064 2352 2176 4 D
207 640 1872 576 1872 4 REFRESH
207 656 1792 576 1792 4 ADDR\sLINE
207 608 1536 544 1536 4 WRITE
w 992 1952 992 2064 0
w 1440 1936 1456 2064 0
w 1904 1952 1904 2064 0
w 2352 1952 2352 2064 0
w 704 1872 640 1872 0
w 800 1792 656 1792 0
w 672 1536 784 1536 0
w 672 1536 608 1536 0
w 848 1456 848 1392 0
w 1296 1456 1296 1392 0
w 1760 1456 1760 1392 0
w 2208 1392 2208 1456 0
. 4\sbit\sBuffer 0 6 7 11 A 32 0 3 A0 28 0 2 ADDR\sLINE 5 4 2 B 23 1 3 B0 26 1 2 C 16 2 3 C0 12 2 2 D 6 3 3 D0 10 3 2 REFRESH 7 6 2 WRITE 1 5 2 CapacitorElm\s2\s3\rGroundElm\s3\rMosfetElm\s5\s4\s2\rTriStateElm\s6\s4\s7\rRailElm\s9\rOpAmpElm\s9\s4\s6\rTriStateElm\s10\s4\s1\rTriStateElm\s12\s13\s1\rOpAmpElm\s15\s13\s16\rRailElm\s15\rTriStateElm\s16\s13\s7\rMosfetElm\s5\s13\s18\rGroundElm\s19\rCapacitorElm\s18\s19\rCapacitorElm\s20\s21\rGroundElm\s21\rMosfetElm\s5\s22\s20\rTriStateElm\s23\s22\s7\rRailElm\s25\rOpAmpElm\s25\s22\s23\rTriStateElm\s26\s22\s1\rTriStateElm\s28\s29\s1\rOpAmpElm\s31\s29\s32\rRailElm\s31\rTriStateElm\s32\s29\s7\rMosfetElm\s5\s29\s34\rGroundElm\s35\rCapacitorElm\s34\s35 0\\s1.0000000000000001e-7\\s0.029473735414925876\\s0.001\s0\\s0\s4\\s1.5\\s0.02\s0\\s0.1\\s10000000000\s0\\s0\\s40\\s2.5\\s0\\s0\\s0.5\s11\\s5\\s0\\s1000000\\s2.5\\s0.02889581903424106\\s100000\s0\\s0.1\\s10000000000\s0\\s0.1\\s10000000000\s11\\s5\\s0\\s1000000\\s2.5\\s0.08939991068470445\\s100000\s0\\s0\\s40\\s2.5\\s0\\s0\\s0.5\s0\\s0.1\\s10000000000\s4\\s1.5\\s0.02\s0\\s0\s0\\s1.0000000000000001e-7\\s0.0911879088983985\\s0.001\s0\\s1.0000000000000001e-7\\s3.4720569586524466\\s0.001\s0\\s0\s4\\s1.5\\s0.02\s0\\s0.1\\s10000000000\s0\\s0\\s40\\s2.5\\s0\\s0\\s0.5\s11\\s5\\s0\\s1000000\\s2.5\\s3.4529970182717307\\s100000\s0\\s0.1\\s10000000000\s0\\s0.1\\s10000000000\s11\\s5\\s0\\s1000000\\s2.5\\s3.4657662068404704\\s100000\s0\\s0\\s40\\s2.5\\s0\\s0\\s0.5\s0\\s0.1\\s10000000000\s4\\s1.5\\s0.02\s0\\s0\s0\\s1.0000000000000001e-7\\s3.48508153098646\\s0.001
410 192 1600 240 1632 1 4\sbit\sBuffer 0\s1.0000000000000001e-7\s0.02947126954885396\s0.001 0\s0 4\s1.5\s0.02 0\s0.1\s10000000000 0\s0\s40\s2.5\s0\s0\s0.5 11\s5\s0\s1000000\s2.5\s0.028893401518484275\s100000 0\s0.1\s10000000000 0\s0.1\s10000000000 11\s5\s0\s1000000\s2.5\s0.08939243120505244\s100000 0\s0\s40\s2.5\s0\s0\s0.5 0\s0.1\s10000000000 4\s1.5\s0.02 0\s0 0\s1.0000000000000001e-7\s0.09118027982915348\s0.001 0\s1.0000000000000001e-7\s3.471975633285362\s0.001 0\s0 4\s1.5\s0.02 0\s0.1\s10000000000 0\s0\s40\s2.5\s0\s0\s0.5 11\s5\s0\s1000000\s2.5\s3.4529172875346683\s100000 0\s0.1\s10000000000 0\s0.1\s10000000000 11\s5\s0\s1000000\s2.5\s3.4656854077894397\s100000 0\s0\s40\s2.5\s0\s0\s0.5 0\s0.1\s10000000000 4\s1.5\s0.02 0\s0 0\s1.0000000000000001e-7\s3.484999115945229\s0.001
