$ 3 0.0000049999999999999996 0.11813604128656459 61 5 50 5e-11
w 2048 384 2192 384 0
w 2048 408 2048 384 0
w 2024 408 2048 408 0
w 2024 288 2192 288 0
w 2024 376 2024 288 0
w 2048 480 2192 480 0
w 2048 440 2048 480 0
w 2024 440 2048 440 0
w 2024 576 2192 576 0
w 2024 472 2024 576 0
w 2304 520 2328 520 0
c 2328 520 2328 552 0 1.0000000000000001e-7 0.023449303365055733 0.001
w 2272 520 2248 520 0
g 2328 552 2328 560 0 0
f 2288 576 2288 520 4 1.5 0.02
w 2288 576 2192 576 0
w 2248 424 2248 520 0
x 2106 554 2191 557 4 16 ADDR\sLINE
w 2304 424 2328 424 0
c 2328 424 2328 456 0 1.0000000000000001e-7 0.20763358838923712 0.001
w 2272 424 2248 424 0
g 2328 456 2328 464 0 0
f 2288 480 2288 424 4 1.5 0.02
w 2288 480 2192 480 0
w 2248 328 2248 424 0
x 2106 458 2191 461 4 16 ADDR\sLINE
x 2106 362 2191 365 4 16 ADDR\sLINE
w 2248 232 2248 328 0
w 2288 384 2192 384 0
f 2288 384 2288 328 4 1.5 0.02
g 2328 360 2328 368 0 0
w 2272 328 2248 328 0
c 2328 328 2328 360 0 1.0000000000000001e-7 3.3692997608179898 0.001
w 2304 328 2328 328 0
w 2304 232 2328 232 0
c 2328 232 2328 264 0 1.0000000000000001e-7 2.866596933309496 0.001
w 2272 232 2248 232 0
g 2328 264 2328 272 0 0
f 2288 288 2288 232 4 1.5 0.02
w 2288 288 2192 288 0
w 2248 176 2248 232 0
x 2113 108 2164 111 4 16 WRITE
x 2106 266 2191 269 4 16 ADDR\sLINE
w 2184 128 2232 128 0
180 2248 80 2248 176 0 0.1 10000000000
w 2392 672 2392 760 0
w 2248 592 2312 592 0
w 2248 520 2248 592 0
w 2496 520 2496 592 0
w 2496 592 2560 592 0
w 2640 672 2640 760 0
180 2496 80 2496 176 0 0.1 10000000000
w 2432 128 2480 128 0
w 2496 176 2496 232 0
w 2536 288 2288 288 0
f 2536 288 2536 232 4 1.5 0.02
g 2576 264 2576 272 0 0
w 2520 232 2496 232 0
c 2576 232 2576 264 0 1.0000000000000001e-7 2.855182308612307 0.001
w 2552 232 2576 232 0
w 2552 328 2576 328 0
c 2576 328 2576 360 0 1.0000000000000001e-7 0.030600745771738415 0.001
w 2520 328 2496 328 0
g 2576 360 2576 368 0 0
f 2536 384 2536 328 4 1.5 0.02
w 2536 384 2288 384 0
w 2496 232 2496 328 0
w 2496 328 2496 424 0
w 2536 480 2288 480 0
f 2536 480 2536 424 4 1.5 0.02
g 2576 456 2576 464 0 0
w 2520 424 2496 424 0
c 2576 424 2576 456 0 1.0000000000000001e-7 0.05435085559219927 0.001
w 2552 424 2576 424 0
w 2496 424 2496 520 0
w 2536 576 2288 576 0
f 2536 576 2536 520 4 1.5 0.02
g 2576 552 2576 560 0 0
w 2520 520 2496 520 0
c 2576 520 2576 552 0 1.0000000000000001e-7 0.014538210934851302 0.001
w 2552 520 2576 520 0
w 2744 520 2744 592 0
w 2744 592 2808 592 0
w 2888 672 2888 760 0
180 2744 80 2744 176 0 0.1 10000000000
w 2680 128 2728 128 0
w 2744 176 2744 232 0
w 2784 288 2536 288 0
f 2784 288 2784 232 4 1.5 0.02
g 2824 264 2824 272 0 0
w 2768 232 2744 232 0
c 2824 232 2824 264 0 1.0000000000000001e-7 2.8660937251045535 0.001
w 2800 232 2824 232 0
w 2800 328 2824 328 0
c 2824 328 2824 360 0 1.0000000000000001e-7 0.053720428506606833 0.001
w 2768 328 2744 328 0
g 2824 360 2824 368 0 0
f 2784 384 2784 328 4 1.5 0.02
w 2784 384 2536 384 0
w 2744 232 2744 328 0
w 2744 328 2744 424 0
w 2784 480 2536 480 0
f 2784 480 2784 424 4 1.5 0.02
g 2824 456 2824 464 0 0
w 2768 424 2744 424 0
c 2824 424 2824 456 0 1.0000000000000001e-7 3.4200894899342997 0.001
w 2800 424 2824 424 0
w 2744 424 2744 520 0
w 2784 576 2536 576 0
f 2784 576 2784 520 4 1.5 0.02
g 2824 552 2824 560 0 0
w 2768 520 2744 520 0
c 2824 520 2824 552 0 1.0000000000000001e-7 0.023164380801035632 0.001
w 2800 520 2824 520 0
w 2992 520 2992 592 0
w 2992 592 3056 592 0
w 3136 672 3136 760 0
180 2992 80 2992 176 0 0.1 10000000000
w 2928 128 2976 128 0
w 2992 176 2992 232 0
w 3032 288 2784 288 0
f 3032 288 3032 232 4 1.5 0.02
g 3072 264 3072 272 0 0
w 3016 232 2992 232 0
c 3072 232 3072 264 0 1.0000000000000001e-7 2.8660297320477546 0.001
w 3048 232 3072 232 0
w 3048 328 3072 328 0
c 3072 328 3072 360 0 1.0000000000000001e-7 3.356506383262746 0.001
w 3016 328 2992 328 0
g 3072 360 3072 368 0 0
f 3032 384 3032 328 4 1.5 0.02
w 3032 384 2784 384 0
w 2992 232 2992 328 0
w 2992 328 2992 424 0
w 3032 480 2784 480 0
f 3032 480 3032 424 4 1.5 0.02
g 3072 456 3072 464 0 0
w 3016 424 2992 424 0
c 3072 424 3072 456 0 1.0000000000000001e-7 0.06529643587424468 0.001
w 3048 424 3072 424 0
w 2992 424 2992 520 0
w 3032 576 2784 576 0
f 3032 576 3032 520 4 1.5 0.02
g 3072 552 3072 560 0 0
w 3016 520 2992 520 0
c 3072 520 3072 552 0 1.0000000000000001e-7 0.02305386005520457 0.001
w 3048 520 3072 520 0
w 2184 128 2184 96 0
w 2184 96 2432 96 0
w 2432 96 2432 128 0
w 2432 96 2680 96 0
w 2680 128 2680 96 0
w 2680 96 2928 96 0
w 2928 96 2928 128 0
w 2312 592 2392 592 0
w 2392 592 2392 672 0
w 2560 592 2640 592 0
w 2640 592 2640 672 0
w 2808 592 2888 592 0
w 2888 592 2888 672 0
w 3056 592 3136 592 0
w 3136 592 3136 672 0
. Decoder\s2\sBits 0 3 5 6 Q0 1 0 3 Q1 2 1 3 Q2 3 2 3 Q3 4 3 3 S0 5 1 1 S1 6 0 1 DeMultiplexerElm\s1\s2\s3\s4\s5\s6\s7\rLogicInputElm\s7 1024\\s2\s0\\s1\\sfalse\\s5\\s0
410 1896 376 1928 424 1 Decoder\s2\sBits 1024\s2 0\s1\sfalse\s5\s0
w 1928 576 1928 536 0
w 1960 576 1960 536 0
w 2248 80 2248 32 0
w 2496 80 2496 32 0
w 2744 80 2744 32 0
w 2992 80 2992 32 0
207 2248 32 2248 -48 4 A1
207 2496 32 2496 -56 4 B1
207 2744 32 2744 -56 4 C1
207 2992 32 2992 -56 4 D1
207 2184 128 2064 128 4 WRITE
207 1928 576 1928 632 4 S1
207 1960 576 1960 632 4 S0
207 2392 760 2392 840 4 A
207 2640 760 2640 840 4 B
207 2888 760 2888 848 4 C
207 3136 760 3136 848 4 D
