$ 1 0.000005 10.20027730826997 50 5 50 5e-11
154 496 192 608 192 0 3 0 5
w 352 176 496 176 0
w 496 208 448 208 0
150 480 272 608 272 0 2 0 5
150 480 336 608 336 0 2 0 5
150 480 400 608 400 0 2 0 5
w 480 416 448 416 0
w 480 384 352 384 0
w 480 352 400 352 0
w 480 320 352 320 0
w 480 288 448 288 0
w 480 256 400 256 0
w 656 192 608 192 0
152 656 336 768 336 0 3 0 5
w 608 272 656 272 0
w 656 272 656 320 0
w 608 400 656 400 0
w 656 400 656 352 0
w 608 336 656 336 0
w 496 192 400 192 0
w 400 144 400 192 0
w 400 192 400 256 0
w 400 256 400 352 0
w 400 352 400 496 0
w 352 144 352 176 0
w 352 176 352 320 0
w 352 320 352 384 0
w 352 384 352 496 0
w 448 144 448 208 0
w 448 208 448 288 0
w 448 288 448 416 0
w 448 416 448 496 0
207 352 144 352 112 4 Cin
207 400 144 400 112 4 A
207 448 144 448 112 4 B
207 656 192 864 192 4 S
207 768 336 864 336 4 Cout
