$ 1 0.000005 0.05817778142098084 99 5 50 5e-11
. 4\sbit\sBuffer 0 6 7 11 A 32 0 3 A0 28 0 2 ADDR\sLINE 5 4 2 B 23 1 3 B0 26 1 2 C 16 2 3 C0 12 2 2 D 6 3 3 D0 10 3 2 REFRESH 7 6 2 WRITE 1 5 2 CapacitorElm\s2\s3\rGroundElm\s3\rMosfetElm\s5\s4\s2\rTriStateElm\s6\s4\s7\rRailElm\s9\rOpAmpElm\s9\s4\s6\rTriStateElm\s10\s4\s1\rTriStateElm\s12\s13\s1\rOpAmpElm\s15\s13\s16\rRailElm\s15\rTriStateElm\s16\s13\s7\rMosfetElm\s5\s13\s18\rGroundElm\s19\rCapacitorElm\s18\s19\rCapacitorElm\s20\s21\rGroundElm\s21\rMosfetElm\s5\s22\s20\rTriStateElm\s23\s22\s7\rRailElm\s25\rOpAmpElm\s25\s22\s23\rTriStateElm\s26\s22\s1\rTriStateElm\s28\s29\s1\rOpAmpElm\s31\s29\s32\rRailElm\s31\rTriStateElm\s32\s29\s7\rMosfetElm\s5\s29\s34\rGroundElm\s35\rCapacitorElm\s34\s35 0\\s1.0000000000000001e-7\\s0.029473735414925876\\s0.001\s0\\s0\s4\\s1.5\\s0.02\s0\\s0.1\\s10000000000\s0\\s0\\s40\\s2.5\\s0\\s0\\s0.5\s11\\s5\\s0\\s1000000\\s2.5\\s0.02889581903424106\\s100000\s0\\s0.1\\s10000000000\s0\\s0.1\\s10000000000\s11\\s5\\s0\\s1000000\\s2.5\\s0.08939991068470445\\s100000\s0\\s0\\s40\\s2.5\\s0\\s0\\s0.5\s0\\s0.1\\s10000000000\s4\\s1.5\\s0.02\s0\\s0\s0\\s1.0000000000000001e-7\\s0.0911879088983985\\s0.001\s0\\s1.0000000000000001e-7\\s3.4720569586524466\\s0.001\s0\\s0\s4\\s1.5\\s0.02\s0\\s0.1\\s10000000000\s0\\s0\\s40\\s2.5\\s0\\s0\\s0.5\s11\\s5\\s0\\s1000000\\s2.5\\s3.4529970182717307\\s100000\s0\\s0.1\\s10000000000\s0\\s0.1\\s10000000000\s11\\s5\\s0\\s1000000\\s2.5\\s3.4657662068404704\\s100000\s0\\s0\\s40\\s2.5\\s0\\s0\\s0.5\s0\\s0.1\\s10000000000\s4\\s1.5\\s0.02\s0\\s0\s0\\s1.0000000000000001e-7\\s3.48508153098646\\s0.001
410 -768 544 -720 576 1 4\sbit\sBuffer 0\s1.0000000000000001e-7\s0.0009999989050006514\s0.001 0\s0 4\s1.5\s0.02 0\s0.1\s10000000000 0\s0\s40\s2.5\s0\s0\s0.5 11\s5\s0\s1000000\s2.5\s0.0009999989021426952\s100000 0\s0.1\s10000000000 0\s0.1\s10000000000 11\s5\s0\s1000000\s2.5\s0.000999998902142625\s100000 0\s0\s40\s2.5\s0\s0\s0.5 0\s0.1\s10000000000 4\s1.5\s0.02 0\s0 0\s1.0000000000000001e-7\s0.0009999989050005812\s0.001 0\s1.0000000000000001e-7\s0.0009999989050006514\s0.001 0\s0 4\s1.5\s0.02 0\s0.1\s10000000000 0\s0\s40\s2.5\s0\s0\s0.5 11\s5\s0\s1000000\s2.5\s0.0009999989021426952\s100000 0\s0.1\s10000000000 0\s0.1\s10000000000 11\s5\s0\s1000000\s2.5\s0.000999998902142625\s100000 0\s0\s40\s2.5\s0\s0\s0.5 0\s0.1\s10000000000 4\s1.5\s0.02 0\s0 0\s1.0000000000000001e-7\s0.0009999989050005812\s0.001
410 -336 544 -288 576 1 4\sbit\sBuffer 0\s1.0000000000000001e-7\s0.0009999989050006514\s0.001 0\s0 4\s1.5\s0.02 0\s0.1\s10000000000 0\s0\s40\s2.5\s0\s0\s0.5 11\s5\s0\s1000000\s2.5\s0.0009999989021426952\s100000 0\s0.1\s10000000000 0\s0.1\s10000000000 11\s5\s0\s1000000\s2.5\s0.000999998902142625\s100000 0\s0\s40\s2.5\s0\s0\s0.5 0\s0.1\s10000000000 4\s1.5\s0.02 0\s0 0\s1.0000000000000001e-7\s0.0009999989050005812\s0.001 0\s1.0000000000000001e-7\s0.0009999989050006514\s0.001 0\s0 4\s1.5\s0.02 0\s0.1\s10000000000 0\s0\s40\s2.5\s0\s0\s0.5 11\s5\s0\s1000000\s2.5\s0.0009999989021426952\s100000 0\s0.1\s10000000000 0\s0.1\s10000000000 11\s5\s0\s1000000\s2.5\s0.000999998902142625\s100000 0\s0\s40\s2.5\s0\s0\s0.5 0\s0.1\s10000000000 4\s1.5\s0.02 0\s0 0\s1.0000000000000001e-7\s0.0009999989050005812\s0.001
. 1\sbit\sAdder 0 2 3 5 A 2 0 2 B 1 1 2 Cin 3 2 2 Cout 8 0 3 S 4 1 3 XorGateElm\s1\s2\s3\s4\rAndGateElm\s1\s2\s5\rAndGateElm\s2\s3\s6\rAndGateElm\s1\s3\s7\rOrGateElm\s7\s6\s5\s8 0\\s3\\s0\\s5\s0\\s2\\s0\\s5\s0\\s2\\s0\\s5\s0\\s2\\s0\\s5\s0\\s3\\s0\\s5
. 4\sbit\sAdder 0 4 10 14 A 26 0 3 A0 1 0 2 A1 5 4 2 B 21 1 3 B0 2 1 2 B1 6 5 2 C 16 2 3 C0 3 2 2 C1 7 6 2 Cin 9 9 2 Cout 25 8 3 D 11 3 3 D0 4 3 2 D1 8 7 2 CustomCompositeElm\s4\s8\s9\s10\s11\rCustomCompositeElm\s3\s7\s10\s15\s16\rCustomCompositeElm\s2\s6\s15\s20\s21\rCustomCompositeElm\s1\s5\s20\s25\s26 1\\s1\\\\sbit\\\\sAdder\\s0\\\\s3\\\\s0\\\\s5\\s0\\\\s2\\\\s0\\\\s5\\s0\\\\s2\\\\s0\\\\s5\\s0\\\\s2\\\\s0\\\\s5\\s0\\\\s3\\\\s0\\\\s5\s1\\s1\\\\sbit\\\\sAdder\\s0\\\\s3\\\\s0\\\\s5\\s0\\\\s2\\\\s0\\\\s5\\s0\\\\s2\\\\s0\\\\s5\\s0\\\\s2\\\\s0\\\\s5\\s0\\\\s3\\\\s0\\\\s5\s1\\s1\\\\sbit\\\\sAdder\\s0\\\\s3\\\\s0\\\\s5\\s0\\\\s2\\\\s0\\\\s5\\s0\\\\s2\\\\s0\\\\s5\\s0\\\\s2\\\\s0\\\\s5\\s0\\\\s3\\\\s0\\\\s5\s1\\s1\\\\sbit\\\\sAdder\\s0\\\\s3\\\\s0\\\\s5\\s0\\\\s2\\\\s0\\\\s5\\s0\\\\s2\\\\s0\\\\s5\\s0\\\\s2\\\\s0\\\\s5\\s0\\\\s3\\\\s0\\\\s5
410 112 800 224 976 1 4\sbit\sAdder 1\s1\\sbit\\sAdder\s0\\s3\\s0\\s5\s0\\s2\\s0\\s5\s0\\s2\\s0\\s5\s0\\s2\\s0\\s5\s0\\s3\\s0\\s5 1\s1\\sbit\\sAdder\s0\\s3\\s0\\s5\s0\\s2\\s0\\s5\s0\\s2\\s0\\s5\s0\\s2\\s0\\s5\s0\\s3\\s0\\s5 1\s1\\sbit\\sAdder\s0\\s3\\s0\\s5\s0\\s2\\s0\\s5\s0\\s2\\s0\\s5\s0\\s2\\s0\\s5\s0\\s3\\s0\\s5 1\s1\\sbit\\sAdder\s0\\s3\\s0\\s5\s0\\s2\\s0\\s5\s0\\s2\\s0\\s5\s0\\s2\\s0\\s5\s0\\s3\\s0\\s5
w -112 544 -64 544 0
w -64 544 -64 928 0
w -64 928 112 928 0
w -112 576 -80 576 0
w -80 576 -80 944 0
w -80 944 -80 960 0
w -80 960 112 960 0
w -112 608 -96 608 0
w -96 608 -96 992 0
w -96 992 112 992 0
w -112 640 -112 1008 0
w -112 1008 -112 1024 0
w 112 1024 -112 1024 0
w -544 544 -480 544 0
w -480 544 -480 768 0
w 112 800 -480 800 0
w -480 800 -480 768 0
w -544 576 -496 576 0
w -496 576 -496 832 0
w -496 832 112 832 0
w -544 608 -512 608 0
w -512 608 -512 864 0
w -512 864 112 864 0
w -544 640 -544 896 0
w -544 896 112 896 0
w 112 1088 -176 1088 0
L -176 1088 -272 1088 2 0 false 5 0
x -295 1063 -259 1066 4 24 Cin
w -1456 400 -832 400 0
w -1456 304 -816 304 0
w -1456 208 -800 208 0
w -1456 112 -784 112 0
w -784 112 -768 112 0
w -768 544 -768 144 0
w -768 112 -640 112 0
w -768 112 -768 144 0
w -768 576 -800 576 0
w -800 576 -800 240 0
w -800 208 -592 208 0
w -800 208 -800 240 0
w -768 608 -816 608 0
w -816 608 -816 320 0
w -816 304 -544 304 0
w -816 304 -816 320 0
w -768 640 -832 640 0
w -832 640 -832 432 0
w -832 400 -496 400 0
w -832 400 -832 432 0
w -336 544 -336 144 0
w -336 112 688 112 0
w -336 112 -336 144 0
w -336 576 -352 576 0
w -352 576 -352 240 0
w -352 208 720 208 0
w -352 208 -352 240 0
w -336 608 -368 608 0
w -368 608 -368 336 0
w -368 304 752 304 0
w -368 304 -368 336 0
w -336 640 -384 640 0
w -384 640 -384 432 0
w -384 400 784 400 0
w -384 400 -384 432 0
w -768 672 -1008 672 0
w -768 704 -1008 704 0
w -768 736 -1008 736 0
w -336 672 -400 672 0
w -400 672 -400 960 0
w -400 960 -768 960 0
w -336 704 -368 704 0
w -368 704 -368 976 0
w -336 736 -336 1024 0
w -336 1024 -768 1024 0
w -368 976 -368 992 0
w -368 992 -768 992 0
410 512 800 560 832 1 4\sbit\sBuffer 0\s1.0000000000000001e-7\s0.0009999989050006514\s0.001 0\s0 4\s1.5\s0.02 0\s0.1\s10000000000 0\s0\s40\s2.5\s0\s0\s0.5 11\s5\s0\s1000000\s2.5\s0.0009999989021426952\s100000 0\s0.1\s10000000000 0\s0.1\s10000000000 11\s5\s0\s1000000\s2.5\s0.000999998902142625\s100000 0\s0\s40\s2.5\s0\s0\s0.5 0\s0.1\s10000000000 4\s1.5\s0.02 0\s0 0\s1.0000000000000001e-7\s0.0009999989050005812\s0.001 0\s1.0000000000000001e-7\s0.0009999989050006514\s0.001 0\s0 4\s1.5\s0.02 0\s0.1\s10000000000 0\s0\s40\s2.5\s0\s0\s0.5 11\s5\s0\s1000000\s2.5\s0.0009999989021426952\s100000 0\s0.1\s10000000000 0\s0.1\s10000000000 11\s5\s0\s1000000\s2.5\s0.000999998902142625\s100000 0\s0\s40\s2.5\s0\s0\s0.5 0\s0.1\s10000000000 4\s1.5\s0.02 0\s0 0\s1.0000000000000001e-7\s0.0009999989050005812\s0.001
w 272 800 512 800 0
w 512 832 272 832 0
w 512 864 272 864 0
w 512 896 272 896 0
180 832 576 832 480 0 0.1 10000000000
180 896 576 896 480 0 0.1 10000000000
180 960 576 960 480 0 0.1 10000000000
180 1024 576 1024 480 0 0.1 10000000000
w 832 576 832 800 0
w 832 800 800 800 0
w 800 800 736 800 0
w 736 832 896 832 0
w 896 832 896 576 0
w 736 864 960 864 0
w 960 864 960 576 0
w 1024 576 1024 896 0
w 1024 896 736 896 0
w 832 480 832 176 0
w 896 464 896 256 0
w 960 480 960 352 0
w 1024 400 2896 432 0
w 1024 400 1024 480 0
w 960 304 2896 336 0
w 960 304 960 352 0
w 896 208 2912 240 0
w 896 208 896 256 0
w 832 112 2928 144 0
w 832 112 832 176 0
w 512 928 416 928 0
w 512 960 432 960 0
w 432 960 432 1008 0
w 432 1008 416 1008 0
w 512 992 480 992 0
w 480 992 480 1056 0
w 480 1056 416 1056 0
L -1008 672 -1056 672 2 1 false 5 0
L -1008 704 -1056 704 2 0 true 5 0
L -1008 736 -1056 736 2 0 true 5 0
L -768 960 -848 960 2 1 false 5 0
L -768 992 -848 992 2 0 true 5 0
L -768 1024 -848 1024 2 0 true 5 0
L 416 928 368 928 2 1 false 5 0
L 416 1008 368 1008 2 0 true 5 0
L 416 1056 368 1056 2 0 true 5 0
x -1130 648 -1002 651 4 24 ADDR\sLINE
x -912 933 -784 936 4 24 ADDR\sLINE
x 230 935 358 938 4 24 ADDR\sLINE
x -1142 710 -1065 713 4 24 WRITE
x -945 996 -868 999 4 24 WRITE
x 282 1012 359 1015 4 24 WRITE
x -1110 773 -996 776 4 24 REFRESH
x -944 1056 -830 1059 4 24 REFRESH
x 314 1096 428 1099 4 24 REFRESH
L 1168 576 1264 576 2 0 false 5 0
w 1168 576 1040 576 0
w 848 576 752 576 0
w 848 576 848 528 0
w 912 576 848 576 0
w 912 576 912 528 0
w 976 576 912 576 0
w 976 576 976 528 0
w 1040 576 976 576 0
w 1040 576 1040 528 0
w 896 480 896 464 0
x 1284 583 1559 586 4 24 ACESSO\sBARRAMENTO
180 -640 -160 -640 -64 0 0.1 10000000000
180 -592 -160 -592 -64 0 0.1 10000000000
180 -544 -160 -544 -64 0 0.1 10000000000
180 -496 -160 -496 -64 0 0.1 10000000000
L -656 -112 -784 -112 2 0 false 5 0
w -656 -112 -608 -112 0
w -608 -112 -560 -112 0
w -560 -112 -512 -112 0
w -640 -64 -640 80 0
w -640 112 -336 112 0
w -640 112 -640 80 0
w -592 -64 -592 176 0
w -592 208 -352 208 0
w -592 208 -592 176 0
w -544 -64 -544 272 0
w -544 304 -368 304 0
w -544 304 -544 272 0
w -496 -64 -496 352 0
w -496 400 -384 400 0
w -496 400 -496 352 0
x -1076 -105 -801 -102 4 24 ACESSO\sBARRAMENTO
157 1616 -416 1872 -416 0 7 0 0
197 1248 -416 1664 -416 0
w 1376 -416 1616 -416 0
w 1376 -384 1616 -384 0
w 1376 -320 1616 -320 0
w 1680 -288 1376 -288 0
w 1376 -256 1712 -256 0
w 1712 -256 1712 -288 0
w 1744 -288 1744 -224 0
w 1744 -224 1376 -224 0
w 1616 -352 1376 -352 0
410 848 -416 896 -384 1 4\sbit\sBuffer 0\s1.0000000000000001e-7\s0.0009999989050006514\s0.001 0\s0 4\s1.5\s0.02 0\s0.1\s10000000000 0\s0\s40\s2.5\s0\s0\s0.5 11\s5\s0\s1000000\s2.5\s0.0009999989021426952\s100000 0\s0.1\s10000000000 0\s0.1\s10000000000 11\s5\s0\s1000000\s2.5\s0.000999998902142625\s100000 0\s0\s40\s2.5\s0\s0\s0.5 0\s0.1\s10000000000 4\s1.5\s0.02 0\s0 0\s1.0000000000000001e-7\s0.0009999989050005812\s0.001 0\s1.0000000000000001e-7\s0.0009999989050006514\s0.001 0\s0 4\s1.5\s0.02 0\s0.1\s10000000000 0\s0\s40\s2.5\s0\s0\s0.5 11\s5\s0\s1000000\s2.5\s0.0009999989021426952\s100000 0\s0.1\s10000000000 0\s0.1\s10000000000 11\s5\s0\s1000000\s2.5\s0.000999998902142625\s100000 0\s0\s40\s2.5\s0\s0\s0.5 0\s0.1\s10000000000 4\s1.5\s0.02 0\s0 0\s1.0000000000000001e-7\s0.0009999989050005812\s0.001
w 1248 -416 1072 -416 0
w 1072 -384 1248 -384 0
w 1072 -352 1248 -352 0
w 1072 -320 1248 -320 0
w 848 -416 688 -416 0
w 688 -416 688 48 0
w 688 112 832 112 0
w 688 112 688 48 0
w 848 -384 720 -384 0
w 720 -384 720 160 0
w 720 208 896 208 0
w 720 208 720 160 0
w 848 -352 752 -352 0
w 752 -352 752 256 0
w 752 304 960 304 0
w 752 304 752 256 0
w 848 -320 784 -320 0
w 784 -320 784 368 0
w 784 400 1024 400 0
w 784 400 784 368 0
x 506 -187 620 -184 4 24 REFRESH
x 474 -250 551 -247 4 24 WRITE
x 486 -312 614 -309 4 24 ADDR\sLINE
L 608 -224 560 -224 2 0 true 5 0
L 608 -256 560 -256 2 0 true 5 0
L 608 -288 560 -288 2 1 false 5 0
w 848 -224 608 -224 0
w 848 -256 608 -256 0
w 848 -288 608 -288 0
410 -912 -512 -864 -480 1 4\sbit\sBuffer 0\s1.0000000000000001e-7\s0.0009999989050006514\s0.001 0\s0 4\s1.5\s0.02 0\s0.1\s10000000000 0\s0\s40\s2.5\s0\s0\s0.5 11\s5\s0\s1000000\s2.5\s0.0009999989021426952\s100000 0\s0.1\s10000000000 0\s0.1\s10000000000 11\s5\s0\s1000000\s2.5\s0.000999998902142625\s100000 0\s0\s40\s2.5\s0\s0\s0.5 0\s0.1\s10000000000 4\s1.5\s0.02 0\s0 0\s1.0000000000000001e-7\s0.0009999989050005812\s0.001 0\s1.0000000000000001e-7\s0.0010027364034940309\s0.001 0\s0 4\s1.5\s0.02 0\s0.1\s10000000000 0\s0\s40\s2.5\s0\s0\s0.5 11\s5\s0\s1000000\s2.5\s0.001002743545532366\s100000 0\s0.1\s10000000000 0\s0.1\s10000000000 11\s5\s0\s1000000\s2.5\s0.000999998902142625\s100000 0\s0\s40\s2.5\s0\s0\s0.5 0\s0.1\s10000000000 4\s1.5\s0.02 0\s0 0\s1.0000000000000001e-7\s0.0009999989050005812\s0.001
w -640 -160 -640 -512 0
w -640 -512 -688 -512 0
w -592 -160 -592 -480 0
w -592 -480 -688 -480 0
w -544 -160 -544 -448 0
w -544 -448 -688 -448 0
w -496 -160 -496 -416 0
w -496 -416 -688 -416 0
x -1254 -283 -1140 -280 4 24 REFRESH
x -1286 -346 -1209 -343 4 24 WRITE
x -1274 -408 -1146 -405 4 24 ADDR\sLINE
L -1152 -320 -1200 -320 2 0 true 5 0
L -1152 -352 -1200 -352 2 0 true 5 0
L -1152 -384 -1200 -384 2 1 false 5 0
w -912 -320 -1152 -320 0
w -912 -352 -1152 -352 0
w -912 -384 -1152 -384 0
w -1024 -688 -1024 -752 0
w -960 -688 -960 -752 0
w -1088 -688 -1088 -752 0
w -1152 -688 -1152 -752 0
w -1264 -928 -1232 -928 0
w -1232 -928 -1232 -976 0
w -1232 -976 -1200 -976 0
w -1264 -896 -1216 -896 0
w -1216 -896 -1216 -912 0
w -1216 -912 -1200 -912 0
w -1216 -848 -1200 -848 0
w -1216 -848 -1216 -864 0
w -1264 -864 -1216 -864 0
w -1232 -784 -1232 -832 0
w -1264 -832 -1232 -832 0
w -1232 -784 -1200 -784 0
w -1152 -944 -1152 -1040 0
r -1152 -1040 -1152 -1088 0 1000
r -1088 -1040 -1088 -1088 0 1000
w -1088 -944 -1088 -1040 0
w -960 -944 -960 -1040 0
r -960 -1040 -960 -1088 0 1000
r -1024 -1040 -1024 -1088 0 1000
w -1024 -944 -1024 -1040 0
w -1200 -976 -1136 -976 0
w -1136 -976 -1072 -976 0
w -1008 -976 -944 -976 0
w -1072 -976 -1008 -976 0
w -1024 -880 -1024 -944 0
w -1072 -912 -1008 -912 0
w -1008 -912 -944 -912 0
w -960 -880 -960 -944 0
w -1088 -880 -1088 -944 0
w -1136 -912 -1072 -912 0
w -1200 -912 -1136 -912 0
w -1152 -880 -1152 -944 0
w -1072 -848 -1008 -848 0
w -1008 -848 -944 -848 0
d -1008 -976 -960 -944 2 default
w -1136 -848 -1072 -848 0
w -1200 -848 -1136 -848 0
w -1152 -752 -1152 -816 0
w -1088 -752 -1088 -816 0
w -960 -752 -960 -816 0
w -1024 -752 -1024 -816 0
w -1152 -1088 -1088 -1088 0
w -1088 -1088 -1056 -1088 0
w -1024 -1088 -960 -1088 0
w -1200 -784 -1136 -784 0
w -1136 -784 -1072 -784 0
w -1072 -784 -1008 -784 0
w -1008 -784 -944 -784 0
w -1056 -1088 -1024 -1088 0
g -1056 -1088 -1056 -1136 0 0
w -1024 -816 -1024 -880 0
w -960 -816 -960 -880 0
w -1088 -816 -1088 -880 0
w -1152 -816 -1152 -880 0
d -1072 -912 -1024 -880 2 default
d -1008 -848 -960 -816 2 default
d -1072 -848 -1024 -816 2 default
d -1136 -784 -1088 -752 2 default
. Decoder\s2\sBits 0 3 5 6 Q0 1 0 3 Q1 2 1 3 Q2 3 2 3 Q3 4 3 3 S0 5 1 1 S1 6 0 1 DeMultiplexerElm\s1\s2\s3\s4\s5\s6\s7\rLogicInputElm\s7 1024\\s2\s0\\s1\\sfalse\\s5\\s0
410 -1392 -928 -1360 -880 1 Decoder\s2\sBits 1024\s2 0\s1\sfalse\s5\s0
w -960 -688 -960 -416 0
w -960 -416 -912 -416 0
w -912 -448 -1024 -448 0
w -1024 -448 -1024 -688 0
w -912 -480 -1088 -480 0
w -1088 -480 -1088 -688 0
w -912 -512 -1152 -512 0
w -1152 -512 -1152 -688 0
L -1360 -768 -1360 -704 2 1 false 5 0
L -1328 -768 -1328 -704 2 1 false 5 0
